3 0 0
4 0 0
4 1 0
5 1 0
5 2 0
6 2 0
6 3 0
7 3 0
7 4 0
8 4 0
8 5 0
9 5 0
9 6 0
10 6 0
10 7 0
11 7 0
11 8 0
12 8 0
12 9 0
13 9 0
13 10 0
14 10 0
14 11 0
15 11 0
15 12 0
19 9 3
19 10 3
19 11 3
19 12 3
19 13 3
19 14 3
19 15 3
20 8 3
20 9 3
20 10 3
20 11 3
20 12 3
20 13 3
20 14 3
20 15 3
21 7 3
21 8 3
21 9 3
21 10 3
21 11 3
21 12 3
21 13 3
21 14 3
21 15 3
22 6 3
22 7 3
22 8 3
22 9 3
22 10 3
22 11 3
22 12 3
22 13 3
22 14 3
22 15 3
22 19 1
23 5 3
23 6 3
23 7 3
23 8 3
23 9 3
23 10 3
23 11 3
23 12 3
23 13 3
23 14 3
23 15 3
23 19 1
23 20 1
24 4 3
24 5 3
24 6 3
24 7 3
24 8 3
24 9 3
24 10 3
24 11 3
24 12 3
24 13 3
24 14 3
24 15 3
24 20 1
24 21 1
25 3 3
25 4 3
25 5 3
25 6 3
25 7 3
25 8 3
25 9 3
25 10 3
25 11 3
25 12 3
25 13 3
25 14 3
25 15 3
25 21 1
25 22 1
26 2 3
26 3 3
26 4 3
26 5 3
26 6 3
26 7 3
26 8 3
26 9 3
26 10 3
26 11 3
26 12 3
26 13 3
26 14 3
26 22 1
26 23 1
27 1 3
27 2 3
27 3 3
27 4 3
27 5 3
27 6 3
27 7 3
27 8 3
27 9 3
27 10 3
27 11 3
27 12 3
27 13 3
27 23 1
27 24 1
28 0 3
28 1 3
28 2 3
28 3 3
28 4 3
28 5 3
28 6 3
28 7 3
28 8 3
28 9 3
28 10 3
28 11 3
28 12 3
28 24 1
28 25 1
29 0 3
29 1 3
29 2 3
29 3 3
29 4 3
29 5 3
29 6 3
29 7 3
29 8 3
29 9 3
29 10 3
29 11 3
29 25 1
29 26 1
30 0 3
30 1 3
30 2 3
30 3 3
30 4 3
30 5 3
30 6 3
30 7 3
30 8 3
30 9 3
30 10 3
30 26 1
30 27 1
31 0 3
31 1 3
31 2 3
31 3 3
31 4 3
31 5 3
31 6 3
31 7 3
31 8 3
31 9 3
31 27 1
31 28 1
32 0 3
32 1 3
32 2 3
32 3 3
32 4 3
32 5 3
32 6 3
32 7 3
32 8 3
32 28 1
32 29 1
33 0 3
33 1 3
33 2 3
33 3 3
33 4 3
33 5 3
33 6 3
33 7 3
33 29 1
33 30 1
34 0 3
34 1 3
34 2 3
34 3 3
34 4 3
34 5 3
34 6 3
34 30 1
34 31 1
